1 F 3 F 5 F 7 F 9 F 11 F 13 F 15 F 17 F B F 
1 2 3 F 5 6 7 F 9 10 11 F 13 B 15 F 17 18 19 F 21 22 23 F 25 26 27 FB 29 30 31 F 33 34 35 F 37 38 39 
1 2 3 4 5 F 7 8 9 10 B F 13 14 15 16 17 F 19 20 21 B 23 F 25 26 27 28 29 F 31 32 B 34 35 F 37 
1 2 3 4 5 6 7 8 9 F 11 12 13 14 15 16 17 18 
1 2 3 4 5 6 7 8 9 F 11 12 13 14 15 16 17 18 19 FB 21 22 23 24 25 26 27 28 29 F 31 32 33 34 
1 2 3 4 5 F 7 8 9 10 11 F 13 14 15 16 17 F 19 B 21 22 23 F 25 26 
1 F 3 F 5 F 7 F 9 F 11 F 13 F 15 F 17 FB 19 F 21 F 23 F 
1 2 F 4 5 F 7 8 F 10 11 F 13 14 F 16 17 FB 19 20 F 22 23 
1 2 3 4 5 6 7 F 9 B 11 12 13 14 15 F 17 18 19 B 21 22 23 F 25 26 27 28 
1 2 3 4 5 6 7 8 F 10 11 12 13 14 15 16 17 F 19 20 21 
1 2 3 4 F 6 7 8 9 F 11 12 13 14 F 16 17 B 19 F 21 22 23 24 F 26 27 28 29 F 31 32 
1 2 3 4 F 6 7 8 9 F 11 12 13 14 F 16 B 18 19 F 21 22 23 24 F 26 27 28 29 F 31 32 33 B F 36 37 
1 2 3 4 5 6 7 8 F 10 11 12 13 14 B 16 17 F 19 20 21 22 23 24 25 26 F 28 
1 2 3 4 5 6 7 8 9 F 11 12 13 14 15 16 B 18 19 F 21 22 23 
1 2 3 4 5 F 7 8 9 10 B F 13 14 15 16 17 F 19 20 21 B 23 F 25 26 
1 2 3 4 F 6 7 8 9 F 11 12 13 14 FB 16 17 18 19 F 21 22 23 24 F 26 27 
1 2 3 4 5 F 7 8 9 10 11 FB 13 14 15 16 17 F 19 20 21 22 23 FB 25 26 27 28 29 F 31 32 33 34 35 FB 
1 2 3 4 5 6 7 8 F 10 11 12 13 14 15 16 17 F 19 20 21 22 23 24 25 B F 28 29 30 31 
1 2 3 4 5 6 7 8 F 10 11 B 13 14 15 16 17 F 19 20 21 22 23 B 25 26 F 28 29 30 31 32 33 34 35 FB 
1 F 3 F B F 7 F 9 FB 11 F 13 F B F 17 F 
